Config    config    0 111 1 1111 1 1 1 1 1 1 1 1 1 1 1 1 1 1 1 100000000

WL1       WL1       0 000 1 0000 1 0 0 0 0 0 0 0 0 0 0 0 0 0 0 000000000
WL2       WL2       0 000 1 0000 0 1 0 0 0 0 0 0 0 0 0 0 0 0 0 000000000
WL3       WL3       0 000 1 0000 0 0 1 0 0 0 0 0 0 0 0 0 0 0 0 000000000
WL4       WL4       0 000 1 0000 0 0 0 1 0 0 0 0 0 0 0 0 0 0 0 000000000
WL5       WL5       0 000 1 0000 0 0 0 0 1 0 0 0 0 0 0 0 0 0 0 000000000
WL6       WL6       0 000 1 0000 0 0 0 0 0 1 0 0 0 0 0 0 0 0 0 000000000
WL7       WL7       0 000 1 0000 0 0 0 0 0 0 1 0 0 0 0 0 0 0 0 000000000
WL8       WL8       0 000 1 0000 0 0 0 0 0 0 0 1 0 0 0 0 0 0 0 000000000
WL9       WL9       0 000 1 0000 0 0 0 0 0 0 0 0 1 0 0 0 0 0 0 000000000
WL10      WL10      0 000 1 0000 0 0 0 0 0 0 0 0 0 1 0 0 0 0 0 000000000
WL11      WL11      0 000 1 0000 0 0 0 0 0 0 0 0 0 0 1 0 0 0 0 000000000
WL12      WL12      0 000 1 0000 0 0 0 0 0 0 0 0 0 0 0 1 0 0 0 000000000
WL13      WL13      0 000 1 0000 0 0 0 0 0 0 0 0 0 0 0 0 1 0 0 000000000
WL14      WL14      0 000 1 0000 0 0 0 0 0 0 0 0 0 0 0 0 0 1 0 000000000
WL15      WL15      0 000 1 0000 0 0 0 0 0 0 0 0 0 0 0 0 0 0 1 000000000

BL1       BL1       0 000 0 0000 0 0 0 0 0 0 0 0 0 0 0 0 0 0 0 000000000
BL2       BL2       0 000 0 0000 0 0 0 0 0 0 0 0 1 1 1 0 0 0 0 000000000
BL3       BL3       0 000 0 0000 0 0 0 0 0 0 0 1 0 1 0 0 0 0 0 000000000
BL4       BL4       0 000 0 0000 0 0 0 0 0 0 0 0 0 0 0 0 0 0 0 000000000
BL5       BL5       0 000 0 0000 0 0 0 0 0 0 0 0 0 0 0 0 0 0 0 000000000
BL6       BL6       0 000 0 0000 0 0 0 0 0 0 0 0 0 0 0 0 0 0 0 000000000
BL7       BL7       0 000 0 0000 0 0 0 0 0 0 0 0 0 0 0 0 0 0 0 000000000
BL8       BL8       0 000 0 0000 0 0 0 0 0 0 0 0 0 0 0 0 0 0 0 000000000
BL9       BL9       0 000 0 0000 0 0 0 0 0 0 0 0 0 0 0 0 0 0 0 000000000
BL10      BL10      0 000 0 0000 0 1 1 1 0 0 0 0 0 0 0 0 0 0 0 000000000
BL11      BL11      0 000 0 0000 1 0 1 0 0 0 0 0 0 0 0 0 0 0 0 000000000
BL12      BL12      0 000 0 0000 0 0 0 0 0 0 0 1 1 1 1 0 0 0 0 000000000
BL13      BL13      0 000 0 0000 0 0 0 0 0 0 0 0 0 0 0 0 0 0 0 000000000 
BL14      BL14      0 000 0 0000 0 0 0 0 0 0 0 0 0 0 0 0 0 0 0 000000000 
BL15      BL15      0 000 0 0000 0 0 0 0 0 0 0 0 0 1 0 0 0 0 0 000000000 
BL16      BL16      0 000 0 0000 0 0 0 0 0 0 0 0 0 1 0 0 0 0 0 000000000 
BL17      BL17      0 000 0 0000 0 0 0 0 0 0 0 0 0 0 0 1 1 1 1 000000000
BL18      BL18      0 000 0 0000 0 0 0 0 0 0 0 0 0 0 0 1 1 1 1 000000000
BL19      BL19      0 000 0 0000 0 0 0 0 0 0 0 0 0 0 0 1 1 1 1 000000000
BL20      BL20      0 000 0 0000 0 0 0 0 0 1 1 0 0 0 0 1 1 1 1 000000000
BL21      BL21      0 000 0 0000 0 1 1 0 0 0 0 0 0 0 0 0 0 0 0 000000000
BL22      BL22      0 000 0 0000 0 0 0 1 0 0 0 0 0 0 0 0 0 0 0 000000000
BL23      BL23      0 000 0 0000 1 0 0 0 0 0 0 0 0 0 0 0 0 0 0 000000000
BL24      BL24      0 000 0 0000 1 0 0 0 0 0 0 0 0 0 0 0 0 0 0 000000000 

IO_LEFT_1 IO_LEFT_1 0 000 0 0000 0 0 0 0 0 0 0 0 0 0 0 0 0 0 0 001101011
IO_TOP_1  IO_TOP_1  0 000 0 0000 0 0 0 0 0 0 0 0 0 0 0 0 0 0 0 010101110

CLK     CLK         0 110 0 0111 0 0 0 1 1 1 0 0 0 1 1 1 0 0 0 111000111
